1481329358127,3696.86962,3.65899999997055
1481329358553,3697.134219,165.558000000146
1481329359198,3697.866412,76.1950000000979
1481329359297,3697.97327,69.6379999999408
1481329359306,3697.973846,75.1549999999952
1481329359376,3698.049533,72.7890000002844
1481329359390,3698.055492,78.1640000000152
1481329360124,3698.86648,4.54999999965366
1481329361129,3699.867422,3.64900000022317
1481329362197,3700.867542,71.864000000005
1481329362271,3700.945275,73.0029999999715
1481329362353,3701.024875,74.858999999833
1481329362468,3701.135258,74.8820000003434
1481329362547,3701.222232,69.8499999998603
1481329363133,3701.867925,4.15500000008251
1481329364127,3702.867885,4.88799999993717
1481329365195,3703.86788,71.2130000001707
1481329365431,3704.105259,70.2770000002602
1481329365460,3704.111838,91.9720000001689
1481329365511,3704.182083,69.4909999997435
1481329365530,3704.208542,68.8680000002933
1481329366124,3704.868091,3.46800000033909
1481329367125,3705.867896,3.13399999959074
1481329368193,3706.867433,73.2010000001537
1481329368399,3707.066555,72.3230000003241
1481329368420,3707.089675,77.5539999999637
1481329368473,3707.149097,69.0859999999702
1481329368500,3707.174154,72.7150000002439
1481329369125,3707.86861,3.12299999995958
1481329370131,3708.869226,4.80400000014924
1481329371193,3709.86963,70.0839999999516
1481329371369,3710.039701,73.678999999629
1481329371385,3710.063194,69.2440000002534
1481329371447,3710.120251,73.0390000003354
1481329371461,3710.137405,70.4890000001797
1481329372126,3710.869722,2.76800000028743
1481329373129,3711.870277,3.39600000006612
1481329374199,3712.870543,71.4600000001155
1481329374332,3713.006494,70.8419999996295
1481329374341,3713.01732,70.4070000001593
1481329374407,3713.083866,68.6359999999695
1481329374419,3713.09219,72.8440000002593
1481329375126,3713.869592,2.77199999982258
1481329376126,3714.869939,3.55899999976828
1481329377196,3715.8705,71.1519999999837
1481329377297,3715.966549,76.1109999998553
1481329377368,3715.975968,136.025999999674
1481329378127,3716.871469,3.1579999999849
1481329379128,3717.872259,2.65399999989313
1481329380203,3718.872162,75.1669999999649
1481329380381,3719.053525,72.1670000002632
1481329380446,3719.123714,69.6240000002035
1481329380462,3719.134206,69.2420000000311
1481329380528,3719.199054,73.3289999998306
1481329381130,3719.871456,4.877000000306
1481329382131,3720.874115,3.14600000001519
1481329383194,3721.873025,67.4120000003313
1481329383344,3722.017541,69.0009999998438
1481329383447,3722.095007,97.4860000001172
1481329383474,3722.083469,135.733000000073
1481329383545,3722.223857,68.7800000000607
1481329384133,3722.874348,3.25000000020737
1481329385132,3723.874954,3.38499999998021
1481329386208,3724.875184,74.0070000001651
1481329386332,3725.004509,70.1389999999265
1481329386432,3725.10582,72.9169999999613
1481329387133,3725.877179,2.99199999972188
1481329388134,3726.876612,3.89300000006187
1481329389198,3727.875412,69.5370000003095
1481329389311,3727.989901,68.6930000001667
1481329389385,3728.063111,68.7259999999696
1481329389414,3728.090661,68.2319999996253
1481329389494,3728.16677,72.6250000002437
1481329390135,3728.875921,2.76900000017122
1481329391135,3729.876217,3.09599999991406
1481329392202,3730.876999,70.5029999999169
1481329392378,3731.052643,69.1670000001068
1481329392457,3731.129354,72.8399999998146
1481329392483,3731.142054,86.4409999999225
1481329392560,3731.233014,73.8660000001801
1481329393136,3731.87855,2.67400000029738
1481329394138,3732.8799,4.9050000002353
1481329395204,3733.878857,69.6279999997387
1481329395345,3734.015762,73.1129999999212
1481329395425,3734.096912,74.5419999998376
1481329395443,3734.116302,72.798000000148
1481329395519,3734.194426,69.6320000001833
1481329396135,3734.879135,2.75299999975687
1481329397140,3735.880393,3.56599999986429
1481329398214,3736.881004,75.2010000001064
1481329398310,3736.984332,68.5589999998228
1481329398393,3737.061754,75.9210000001076
1481329398398,3737.072347,72.0350000001417
1481329398476,3737.152446,69.1149999997833
1481329399138,3737.881934,2.69100000014078
1481329400138,3738.881725,3.31699999969715
1481329401213,3739.881884,75.0600000001214
1481329401373,3740.032466,87.0359999998982
1481329401448,3740.124777,70.2489999998761
1481329401485,3740.155485,73.9189999999326
1481329401565,3740.236761,74.4869999998628
1481329402144,3740.881578,7.69499999978507
1481329403145,3741.88213,4.1759999999158
1481329404213,3742.883099,77.766999999767
1481329404330,3743.006566,69.7380000001431
1481329404469,3743.135339,80.033000000185
1481329405149,3743.882317,10.6590000000324
1481329406140,3744.882928,3.00100000004022
1481329407216,3745.882418,70.2759999999216
1481329407351,3746.029628,65.4190000000199
1481329407412,3746.087957,69.8129999996127
1481329407436,3746.100837,74.2860000000292
1481329407492,3746.161627,72.8130000002238
1481329408143,3746.883175,3.03100000019185
1481329409143,3747.884475,3.20800000008603
1481329410212,3748.884422,73.6400000000685
1481329410325,3748.996994,72.7859999997236
1481329410371,3749.045436,72.8530000001229
1481329410407,3749.078968,72.9230000001735
1481329410444,3749.122422,68.5260000000199
1481329411144,3749.884481,3.71899999981906
1481329412144,3750.884805,4.20299999996132
1481329413213,3751.884846,73.6190000002353
1481329413294,3751.964532,75.8879999998499
1481329413331,3752.005213,72.5820000002386
1481329413375,3752.046347,73.6849999998412
1481329413406,3752.082487,68.496999999752
1481329414144,3752.884862,3.20400000009613
1481329415142,3753.885261,4.03600000026927
1481329416209,3754.885603,70.2499999997599
1481329416285,3754.96113,70.5459999999221
1481329416359,3755.036156,68.2969999998022
1481329416461,3755.134342,71.7090000002827
1481329416537,3755.212922,69.5049999999355
1481329417142,3755.885657,3.16000000020722