1481329563184,3901.766127,164.88100000015
1481329563238,3901.905181,75.3919999997379
1481329563379,3902.056963,67.4269999999524
1481329563457,3902.129497,74.9080000000504
1481329563468,3902.143692,69.1069999998035
1481329563561,3902.220631,85.5619999997543
1481329564166,3902.905743,4.98800000013944
1481329565162,3903.906136,3.07199999997465
1481329566242,3904.90682,73.6659999997755
1481329566341,3905.014674,73.0260000000271
1481329566417,3905.091915,71.9439999998031
1481329566446,3905.124453,66.3660000000164
1481329566578,3905.224718,98.5390000000734
1481329567166,3905.907014,3.7480000000869
1481329568164,3906.90759,2.9250000002321
1481329569233,3907.908647,69.0809999996418
1481329569465,3908.136817,71.4250000000902
1481329569498,3908.173481,69.9520000002849
1481329569546,3908.220823,70.1719999997295
1481329569573,3908.247929,69.7740000000522
1481329570172,3908.908434,7.90899999992689
1481329571165,3909.908737,3.25599999996484
1481329572242,3910.909202,77.1819999999934
1481329572425,3911.102172,66.1230000000614
1481329572472,3911.145242,68.3539999999994
1481329572499,3911.176153,69.3780000001425
1481329572546,3911.223948,69.5270000001074
1481329572576,3911.250779,69.5690000002287
1481329572624,3911.297843,73.2040000002598
1481329573178,3911.91018,4.24000000020897
1481329574167,3912.910674,3.65699999974822
1481329575254,3913.91098,85.5830000000424
1481329575485,3914.160248,69.0719999997782
1481329575501,3914.180117,68.1070000000545
1481329575562,3914.237186,69.6800000000621
1481329575586,3914.252871,79.75499999975
1481329576169,3914.911587,4.26699999979974
1481329577202,3915.912289,35.6620000002295
1481329578170,3916.913235,4.40500000013344
1481329579244,3917.913316,74.3899999997666
1481329579478,3918.15184,73.4299999999166
1481329579483,3918.152908,75.0809999999547
1481329579559,3918.230434,73.7960000001294
1481329579585,3918.261237,69.3619999997281
1481329580170,3918.914546,2.87699999989854
1481329581203,3919.91388,34.4559999998637
1481329582171,3920.91331,2.86400000004505
1481329583237,3921.91361,70.973999999751
1481329583438,3922.115854,68.9109999998436
1481329583514,3922.189754,68.7109999998938
1481329583540,3922.147163,137.295999999878
1481329583592,3922.263436,75.2379999998993
1481329583676,3922.351266,69.4479999997384
1481329583752,3922.428629,68.9830000001166
1481329584176,3922.914064,3.27800000013667
1481329585240,3923.913866,71.7760000002272
1481329585436,3924.106957,73.4769999999116
1481329585470,3924.147863,69.4909999997435
1481329585543,3924.216179,69.3299999998089
1481329585545,3924.222202,68.2329999999638
1481329586172,3924.914161,3.11099999998987
1481329587204,3925.913864,33.9810000000398
1481329588173,3926.914776,5.07900000002337
1481329589240,3927.913662,73.902999999973
1481329589426,3928.102471,70.0229999997646
1481329589431,3928.101324,74.0619999996852
1481329589500,3928.179094,64.9720000001253
1481329589507,3928.183615,69.7700000000623
1481329589573,3928.251179,68.7270000003082
1481329589597,3928.259658,82.4710000001687
1481329590170,3928.913749,2.90700000005018
1481329591206,3929.91353,34.8320000002786
1481329592174,3930.918562,3.00400000014633
1481329593245,3931.918105,70.0189999997747
1481329593459,3932.134865,69.5019999998294
1481329593480,3932.158952,65.5969999997978
1481329593532,3932.209069,69.9399999998605
1481329593555,3932.231207,68.8610000001972
1481329593607,3932.283974,70.306999999957
1481329593641,3932.309846,73.8349999996899
1481329594178,3932.919081,3.32299999990937
1481329595242,3933.919304,67.0079999999871
1481329595319,3933.993626,69.4880000000921
1481329595497,3934.166272,73.4830000001239
1481329596178,3934.9197,4.64999999985594
1481329597249,3935.920504,71.8379999998433
1481329597381,3936.052418,73.4369999995579
1481329597402,3936.074351,72.9499999997643
1481329598182,3936.921494,3.90900000002148
1481329599251,3937.923632,69.2949999997836
1481329599462,3938.13639,73.3040000000074
1481329599482,3938.157542,70.557000000008
1481329599540,3938.213796,69.0899999999601
1481329599562,3938.233507,73.0180000000473
1481329600179,3938.921682,3.31899999991947
1481329601248,3939.921431,74.1529999995692
1481329601420,3940.09422,69.9800000002142
1481329601440,3940.11607,64.9359999997614
1481329602178,3940.921457,3.00700000025245
1481329603249,3941.922274,74.3569999999636
1481329603495,3942.172144,69.6530000000166
1481329603519,3942.195906,68.7640000001011
1481329603568,3942.246137,68.7499999999091
1481329603603,3942.271282,76.9139999997606
1481329604178,3942.922477,3.13199999982317
1481329605253,3943.922646,71.7220000001362
1481329605448,3944.123619,69.7549999999865
1481329605483,3944.158959,69.2400000002635
1481329606181,3944.924922,3.06399999999485
1481329607248,3945.924436,71.0990000002312
1481329607324,3946.001451,69.2030000000159
1481329607369,3946.043244,70.6420000001344
1481329607400,3946.075402,69.543000000067
1481329607460,3946.122423,81.4370000002782
1481329608184,3946.925302,2.94799999983297
1481329609247,3947.927367,66.5450000001329
1481329609347,3948.020953,69.5269999996526
1481329609484,3948.156939,69.390999999996
1481329610190,3948.927521,9.80799999979354
1481329611252,3949.928165,70.6589999999778
1481329611361,3950.039434,68.9350000002378
1481329611428,3950.102783,68.5620000003837
1481329611433,3950.112567,68.0250000000342
1481329611497,3950.177655,64.9790000002213
1481329612185,3950.928713,3.48400000029869
1481329613259,3951.928593,75.0290000000859
1481329613380,3952.054536,69.8090000000775
1481329613512,3952.187363,72.2810000002028
1481329614190,3952.929468,2.85600000006525
1481329615254,3953.930323,69.9899999999616
1481329615404,3954.07686,73.9349999998922
1481329615462,3954.137802,68.2069999998021
1481329616189,3954.930668,3.97900000007212
1481329617261,3955.931038,75.4079999996975
1481329617343,3956.015159,72.7010000000519
1481329617426,3956.100865,68.6310000000958
1481329617477,3956.159256,64.6609999998873
1481329617554,3956.230574,69.2699999999604
1481329618189,3956.931581,4.3510000000424
1481329619260,3957.931854,75.9840000000622
1481329619430,3958.106664,68.7139999999999
1481329619503,3958.180962,67.1720000000278
1481329620189,3958.932434,2.99399999994421
1481329621259,3959.93304,70.2409999998963
1481329621385,3960.056577,73.1080000000475
1481329621464,3960.136335,72.4350000000413
1481329621511,3960.184919,73.3040000000074
1481329621589,3960.262637,72.4130000003243