1481329719383,4058.056773,69.955000000391
1481329719579,4058.253787,69.7639999998501
1481329719589,4058.26716,68.2560000000194
1481329719657,4058.331463,69.0589999999247
1481329719672,4058.341757,74.4819999999891
1481329720316,4059.056715,3.52699999984907
1481329720492,4058.903319,335.234000000128
1481329721392,4060.058867,75.9060000000318
1481329721537,4060.211037,68.9160000001721
1481329721551,4060.224742,73.3220000001893
1481329721613,4060.288315,65.5080000001362
1481329721626,4060.303323,69.4610000000466
1481329721688,4060.361688,70.0099999999111
1481329721708,4060.379243,73.5130000002755
1481329722315,4061.058679,3.10099999978775
1481329723387,4062.063292,66.747000000305
1481329723600,4062.26375,82.1120000000519
1481329723605,4062.274442,73.167999999896
1481329723687,4062.354625,73.8400000000183
1481329723687,4062.355323,77.494999999999
1481329724320,4063.058712,2.95999999980268
1481329725411,4064.059077,94.1940000002433
1481329725564,4064.239868,66.5070000000014
1481329725566,4064.240528,69.7930000001179
1481329725640,4064.310891,75.3369999997631
1481329725650,4064.318644,72.5499999998647
1481329726321,4065.059917,3.68399999979374
1481329727396,4066.059934,77.5860000003377
1481329727518,4066.198006,67.1950000000834
1481329727565,4066.237682,68.9539999998488
1481329728319,4067.060304,3.10200000012628
1481329729393,4068.060204,71.9200000003184
1481329729610,4068.27531,71.8719999999848
1481329729645,4068.323982,64.7280000002866
1481329729682,4068.35952,67.9129999998622
1481329729728,4068.397793,73.5690000001341
1481329730318,4069.059208,5.12799999978597
1481329731390,4070.060199,74.7329999999238
1481329731559,4070.236367,68.9430000002176
1481329731606,4070.281808,69.3739999996978
1481329731645,4070.309638,80.0369999997201
1481329731682,4070.358396,64.8280000000341
1481329732323,4071.060787,9.28599999997459
1481329733389,4072.060936,75.4420000002938
1481329733522,4072.199847,68.7190000003284
1481329733564,4072.234337,73.4030000003259
1481329733596,4072.273331,68.3320000002823
1481329733647,4072.314302,72.7259999998751
1481329734322,4073.062436,3.71799999993527
1481329735387,4074.061204,70.4179999997905
1481329735477,4074.149922,74.004000000059
1481329735528,4074.199232,74.1390000002866
1481329735557,4074.229821,72.9790000000321
1481329735606,4074.279321,70.350999999846
1481329736321,4075.061652,3.48000000030879
1481329737396,4076.061578,73.9740000003621
1481329737485,4076.160388,68.4730000002674
1481329737565,4076.236346,73.5059999997247
1481329737708,4076.315715,136.60499999969
1481329737786,4076.457726,73.1740000001082
1481329738319,4077.061575,2.63499999982741
1481329739391,4078.062044,73.4070000003158
1481329739460,4078.141537,64.2530000000079
1481329739491,4078.159173,72.7059999999256
1481329739539,4078.211704,74.7290000003886
1481329739644,4078.241464,145.829999999933
1481329740326,4079.062771,3.24099999988903
1481329741392,4080.063349,72.8340000000571
1481329741593,4080.268122,68.8519999998789
1481329741621,4080.295327,72.9270000001634
1481329741699,4080.373135,69.5540000001529
1481329741705,4080.375075,73.1710000000021
1481329742320,4081.063453,2.8559999996105
1481329743395,4082.064063,75.6049999999959
1481329743583,4082.259103,68.1469999999536
1481329743586,4082.256214,73.5559999998259
1481329743660,4082.335725,69.0150000000358
1481329743660,4082.33695,68.6200000000099
1481329744323,4083.064745,2.99799999993411
1481329745418,4084.065341,95.6559999999627
1481329745543,4084.212155,77.045999999882
1481329745557,4084.225016,77.1429999999782
1481329745623,4084.293339,75.7960000000821
1481329745687,4084.336215,95.4400000000533
1481329746342,4085.066037,20.8339999999225
1481329747601,4086.066733,281.71199999997
1481329747747,4086.381306,103.071
1481329747815,4086.454979,98.6009999996895
1481329747871,4086.493838,122.595000000274
1481329747894,4086.560293,78.7869999999202
1481329748323,4087.067229,3.54699999979857
1481329749390,4088.066815,69.9209999997947
1481329749544,4088.223271,68.2870000000548
1481329749590,4088.263617,69.9890000000778
1481329749622,4088.296601,72.646000000077
1481329749679,4088.342193,76.9740000000638
1481329750328,4089.071342,3.75499999972817
1481329751397,4090.071709,69.8950000000878
1481329751500,4090.176775,69.6080000002439
1481329751565,4090.233899,77.4519999999939
1481329751579,4090.251603,73.949999999968
1481329751647,4090.316935,72.7130000000216
1481329752333,4091.071142,3.56800000008661
1481329753397,4092.071934,70.0719999999819
1481329753531,4092.20193,69.5989999999256
1481329753616,4092.281507,69.5339999997486
1481329753659,4092.335165,70.6169999998565
1481329753729,4092.410152,64.5880000001853
1481329754335,4093.07613,3.57600000006642
1481329755403,4094.072062,78.548999999839
1481329755499,4094.168855,74.3480000001
1481329755585,4094.250951,69.1999999999098
1481329755613,4094.289134,69.9879999997393
1481329755691,4094.364192,72.2019999998338
1481329756329,4095.072179,3.43400000019756
1481329757403,4096.071876,74.7540000002118
1481329757572,4096.244345,72.7230000002237
1481329757648,4096.322181,69.3630000005214
1481329757659,4096.331028,72.3170000001119
1481329757735,4096.411289,68.4150000006412
1481329758331,4097.071749,4.04600000001665
1481329759396,4098.072412,69.7119999995266
1481329759527,4098.203456,69.1839999999502
1481329759604,4098.277429,69.868999999926
1481329759621,4098.294959,69.7179999997388
1481329759702,4098.374037,69.1930000002685
1481329760332,4099.072672,5.18999999985681
1481329761402,4100.07241,72.2869999999602
1481329761485,4100.159995,72.6299999996627
1481329761563,4100.236443,73.4970000003159
1481329761601,4100.254445,89.9580000004789
1481329761683,4100.35177,73.9009999997506
1481329762332,4101.073313,3.92199999987497
1481329763400,4102.07343,70.6849999996848
1481329763556,4102.235676,64.9109999994835
1481329763637,4102.308585,69.9660000000222
1481329763644,4102.318556,72.4229999996169
1481329763728,4102.395135,73.460000000523
1481329764337,4103.076764,3.98199999926874
1481329765400,4104.075082,71.6709999996965
1481329765520,4104.191296,73.0640000001586
1481329765597,4104.271719,69.7589999999764
1481329765609,4104.28131,72.8799999997136
1481329765687,4104.358186,74.1849999994884
1481329766331,4105.074102,3.69700000010198
1481329767408,4106.075434,74.0519999999378
1481329767482,4106.157922,69.0349999995306
1481329767565,4106.235794,73.5450000001947
1481329767567,4106.240477,71.1369999999079
1481329767645,4106.318364,73.5730000005788
1481329768334,4107.074311,3.9440000000468
1481329769404,4108.074752,73.6819999992804
1481329769529,4108.199332,73.8380000002508
1481329769607,4108.278428,72.2590000004857
1481329769650,4108.320845,70.716999999604
1481329769728,4108.401216,70.1460000000225
1481329770331,4109.075226,3.05200000002515
1481329771401,4110.074699,70.1040000003559
1481329771508,4110.170767,84.4290000004548
1481329771582,4110.259112,69.1080000005968
1481329771617,4110.287681,72.6450000001933
1481329771703,4110.371953,75.1410000002579
1481329772333,4111.074455,3.19099999978789
1481329773405,4112.074887,74.4970000005196
1481329773620,4112.262595,103.020999999899
1481329773669,4112.337169,72.7279999991879
1481329773700,4112.37582,69.6170000001075
1481329773746,4112.419964,73.3760000002803
1481329774333,4113.075751,3.93099999928381
1481329775407,4114.075232,75.3759999997783
1481329775581,4114.256435,70.6449999997858
1481329775629,4114.301794,73.7040000003617
1481329775660,4114.334967,69.339000000582
1481329775711,4114.381992,73.5880000001998
1481329776337,4115.081078,3.20899999951507
1481329777409,4116.081887,73.5199999999168
1481329777549,4116.21894,73.7960000005842
1481329777617,4116.292173,72.1970000004149
1481329777634,4116.304154,75.0729999999749
1481329777695,4116.368826,73.5080000004018
1481329778338,4117.082405,3.36499999957596