1481329018588,3357.254904,77.8479999999036
1481329018695,3357.371685,69.5479999999407
1481329018776,3357.446281,73.1850000001941
1481329018849,3357.525273,68.7509999997928
1481329018932,3357.600776,69.6109999998953
1481329019494,3358.076962,163.469000000077
1481329019513,3358.25631,3.58899999991991
1481329020581,3359.256498,69.5619999996779
1481329020662,3359.334918,73.0199999998149
1481329020742,3359.413652,74.6259999996255
1481329020845,3359.511356,75.441999999839
1481329020915,3359.595417,64.2870000001494
1481329021516,3360.257163,3.26899999981833
1481329022580,3361.257619,66.7199999998047
1481329022802,3361.473874,72.7500000002692
1481329022876,3361.55161,69.2239999998492
1481329022948,3361.498258,193.733000000066
1481329023026,3361.698865,73.4840000000077
1481329023523,3362.258037,4.01899999997113
1481329024584,3363.258042,71.4670000002116
1481329024702,3363.379451,68.4470000001056
1481329024760,3363.432206,73.1869999999617
1481329024776,3363.452159,69.5169999999052
1481329024840,3363.511668,73.3139999997547
1481329025517,3364.257413,6.81800000029398
1481329026588,3365.257862,74.2020000002412
1481329026718,3365.39522,67.0570000002044
1481329026796,3365.467561,69.2800000001625
1481329026858,3365.530445,72.5320000001375
1481329026930,3365.60742,68.377000000055
1481329027515,3366.257848,2.85299999995914
1481329028591,3367.258271,75.0279999997474
1481329028685,3367.354061,67.8990000001249
1481329028874,3367.486803,131.353000000217
1481329029514,3368.258229,2.88000000000466
1481329030585,3369.259072,70.3680000001441
1481329030754,3369.428831,70.2519999999822
1481329030764,3369.439259,69.0209999997933
1481329030828,3369.503019,69.9139999996987
1481329030840,3369.514993,69.1940000001523
1481329031516,3370.259921,2.70000000000437
1481329032592,3371.259559,73.5420000000886
1481329032713,3371.384851,73.5630000003766
1481329032723,3371.395966,72.4489999997786
1481329032795,3371.467609,75.3650000001471
1481329032801,3371.475393,68.9739999997983
1481329033519,3372.260693,2.50599999981205
1481329034588,3373.260841,72.9300000002695
1481329034684,3373.358697,65.4519999998229
1481329034689,3373.349354,86.0379999999168
1481329034760,3373.434868,68.3470000003581
1481329034767,3373.439078,68.9569999999549
1481329035517,3374.260788,2.71500000008018
1481329036596,3375.264668,75.7419999999911
1481329036843,3375.519466,69.0139999996973
1481329036848,3375.518507,72.9999999998654
1481329037517,3376.261475,2.70799999998417
1481329038588,3377.261396,73.8860000001296
1481329038715,3377.397029,64.3409999997857
1481329038726,3377.403275,68.6109999996916
1481329038859,3377.4673,135.702000000038
1481329038881,3377.47768,148.105000000214
1481329039525,3378.261182,3.25799999973242
1481329040764,3379.261942,244.776999999885
1481329040940,3379.612162,73.189000000184
1481329041018,3379.693091,68.9339999998992
1481329041037,3379.706776,69.3310000001475
1481329041115,3379.786742,72.646000000077
1481329041522,3380.261494,3.75600000006671
1481329042588,3381.262623,70.5579999998918
1481329042703,3381.370926,75.8869999999661
1481329042777,3381.452298,69.8429999997643
1481329042793,3381.469189,68.6289999998735
1481329042869,3381.544863,69.5439999999508
1481329043524,3382.262386,5.06600000016988
1481329044591,3383.263146,70.2060000003257
1481329044747,3383.422506,68.6040000000503
1481329044824,3383.498255,64.5150000000285
1481329044857,3383.530641,73.6449999999422
1481329045120,3383.609256,254.302999999709
1481329045524,3384.264819,3.85300000016287
1481329046584,3385.264406,65.4850000000806
1481329046727,3385.372849,99.4239999999991
1481329046797,3385.473804,67.9349999995793
1481329047521,3386.264644,2.9779999999846
1481329048594,3387.267174,71.3169999999082
1481329048752,3387.349958,144.948000000113
1481329048807,3387.484727,68.5899999998583
1481329048822,3387.500367,68.6449999998331
1481329048882,3387.5584,69.1320000000815
1481329049527,3388.265866,6.44599999986895
1481329050591,3389.265634,72.4130000003243
1481329050700,3389.376833,69.796000000224
1481329050761,3389.435784,70.3890000004321
1481329050799,3389.451838,91.5239999999358
1481329050873,3389.54263,71.3770000002114
1481329051525,3390.266197,6.62499999998545
1481329052595,3391.266997,75.1989999998841
1481329052681,3391.352175,75.1439999999093
1481329052758,3391.427743,74.3419999998878
1481329052763,3391.432341,77.2990000000391
1481329052844,3391.510829,79.2870000000221
1481329053539,3392.265845,17.9729999999836
1481329054597,3393.265571,78.8640000000669
1481329054745,3393.399237,89.5190000001094
1481329054824,3393.495303,73.0319999997846
1481329054855,3393.518419,76.5510000001086
1481329054932,3393.604721,72.9019999998855
1481329055528,3394.267329,7.47700000010809
1481329056597,3395.266018,74.7540000002118
1481329056711,3395.38134,75.0229999998737
1481329056795,3395.464331,74.8359999997774
1481329056817,3395.484474,76.4140000001135
1481329056893,3395.568046,71.585000000141
1481329057528,3396.2654,4.88999999970474
1481329058593,3397.266174,74.7190000001865
1481329058711,3397.385094,70.1509999998962
1481329058777,3397.447198,74.9590000000353
1481329059525,3398.265873,6.18699999995442
1481329060596,3399.266205,73.9189999999326
1481329060801,3399.470865,74.2900000000191
1481329060856,3399.531343,72.4299999997129
1481329060882,3399.552508,75.3799999997682
1481329060941,3399.608091,77.1500000000742
1481329061526,3400.267276,6.10000000006039
1481329062658,3401.268454,132.702999999765
1481329062766,3401.436808,73.9309999999023
1481329062828,3401.496638,78.2890000000407
1481329062854,3401.517629,79.1279999998551
1481329062908,3401.579464,74.6440000002622
1481329063533,3402.268788,7.59199999993143
1481329064596,3403.268389,73.2700000003206
1481329064736,3403.406701,71.6030000003229
1481329064791,3403.461047,72.4040000000059
1481329065528,3404.268488,6.68499999983396
1481329066602,3405.268932,77.5730000000294
1481329066817,3405.488519,73.7589999998818
1481329066870,3405.54756,69.3489999998747
1481329066893,3405.568335,69.3169999999554
1481329066947,3405.622473,72.0300000002681
1481329067527,3406.268795,5.34300000026633
1481329068621,3407.268682,99.7760000000199
1481329068781,3407.447876,75.5599999997685
1481329068831,3407.501144,76.2290000002395
1481329068859,3407.532347,71.4950000001409
1481329068914,3407.58301,77.9529999999795
1481329069533,3408.268799,8.35800000004383
1481329070600,3409.269112,75.890999999956
1481329070740,3409.415354,69.0129999998135
1481329070792,3409.468921,68.3930000000146
1481329070815,3409.489742,68.4729999998126
1481329070862,3409.541921,64.4710000001396
1481329071527,3410.269878,2.74099999978716
1481329072606,3411.270462,77.031000000261
1481329072698,3411.374256,69.0230000000156
1481329072741,3411.414482,68.4630000000652
1481329072779,3411.44978,73.703999999907
1481329072818,3411.490477,72.4560000003294
1481329073560,3412.270566,36.5320000000793
1481329074609,3413.271093,85.0570000002335
1481329074703,3413.372619,77.759999999671
1481329075154,3413.534116,361.139000000094
1481329075597,3414.271728,72.327999999743
1481329076600,3415.272214,72.3720000000867
1481329076781,3415.459257,68.1089999998221
1481329076839,3415.513799,70.6279999999424
1481329076853,3415.532152,67.9509999999937
1481329076922,3415.590092,74.0380000002006
1481329077530,3416.27284,2.80199999997421